0035000.00 0075000.00 00004.483 -0001.837 -0001.706 0000.500 0000.500 0000.700
0067500.00 0080000.00 -0001.431 00000.198 -0000.221 0000.500 0000.500 0000.700
0052500.00 0070000.00 -0002.433 00002.811 00008.182 0000.500 0000.500 0000.700
0022500.00 0060000.00 00006.579 -0001.333 -0001.335 0000.500 0000.500 0000.700
0042500.00 0056000.00 -0000.061 00000.294 00001.280 0000.500 0000.500 0000.700
0067500.00 0062500.00 -0002.047 -0000.514 00002.540 0000.500 0000.500 0000.700
0025500.00 0039000.00 00006.585 -0000.167 -0002.730 0000.500 0000.500 0000.700
0051000.00 0045000.00 00000.225 -0009.166 00018.115 0000.500 0000.500 0000.700
0072500.00 0047500.00 -0002.884 -0001.450 00000.327 0000.500 0000.500 0000.700
0035500.00 0026000.00 -0002.799 -0007.765 00006.277 0000.500 0000.500 0000.700
0065000.00 0039000.00 -0001.013 -0003.397 00002.657 0000.500 0000.500 0000.700
0057500.00 0022500.00 00001.210 -0004.118 00002.501 0000.500 0000.500 0000.700
