0035000.00 0075000.00 00000.700 00000.252 -0001.063 0000.500 0000.500 0000.700
0067500.00 0080000.00 -0001.539 -0001.535 -0001.212 0000.500 0000.500 0000.700
0052500.00 0070000.00 -0000.929 00000.025 00001.401 0000.500 0000.500 0000.700
0022500.00 0060000.00 00002.174 00000.514 -0000.931 0000.500 0000.500 0000.700
0042500.00 0056000.00 -0000.552 -0000.747 00001.549 0000.500 0000.500 0000.700
0067500.00 0062500.00 -0001.972 -0001.342 00000.130 0000.500 0000.500 0000.700
0025500.00 0039000.00 00000.777 00000.817 -0000.419 0000.500 0000.500 0000.700
0051000.00 0045000.00 00000.234 -0005.642 00004.256 0000.500 0000.500 0000.700
0072500.00 0047500.00 -0000.361 -0001.501 -0000.141 0000.500 0000.500 0000.700
0035500.00 0026000.00 00000.144 -0003.058 00001.717 0000.500 0000.500 0000.700
0065000.00 0039000.00 00000.356 -0002.119 00001.695 0000.500 0000.500 0000.700
0057500.00 0022500.00 00000.851 -0002.031 00000.216 0000.500 0000.500 0000.700
