0025000.0 0040000.0 0005000.0
0025000.0 0045000.0 0005000.0
0000000.0 0010000.0 0005000.0
0000005.0 0000045.0 0000020.0
0000050.0 0000090.0 0000020.0
0010000.0 0030000.0 0005000.0
0005000.0 0020000.0 0005000.0
0000130.0 0000190.0 0000020.0
0000010.0 0000050.0 0000020.0
0000000.0 0000000.0 0000005.0
0045000.0 0060000.0 0005000.0
0050000.0 0070000.0 0005000.0
0000000.0 0010000.0 0005000.0
0000005.0 0000045.0 0000020.0
0000050.0 0000090.0 0000020.0
0010000.0 0030000.0 0005000.0
0010000.0 0025000.0 0005000.0
0000130.0 0000190.0 0000020.0
0000010.0 0000050.0 0000020.0
0000000.0 0000000.0 0000005.0
