0025000.0 0055000.0 0010000.0
0025000.0 0045000.0 0010000.0
0000000.0 0020000.0 0010000.0
0000005.0 0000035.0 0000010.0
0000030.0 0000080.0 0000010.0
0005000.0 0045000.0 0010000.0
0005000.0 0035000.0 0010000.0
0000120.0 0000190.0 0000010.0
0000010.0 0000050.0 0000010.0
0000000.0 0000000.0 0000005.0
0040000.0 0070000.0 0010000.0
0050000.0 0080000.0 0010000.0
0000000.0 0020000.0 0010000.0
0000005.0 0000035.0 0000010.0
0000030.0 0000080.0 0000010.0
0005000.0 0045000.0 0010000.0
0005000.0 0035000.0 0010000.0
0000120.0 0000190.0 0000010.0
0000010.0 0000050.0 0000010.0
0000000.0 0000000.0 0000005.0
