00007000.000 00015000.000 00000000.000 -00.0132 000.0262 000.0146 000.0050 000.0050 000.0070
00013500.000 00016000.000 00000000.000 000.0153 000.0228 000.0116 000.0050 000.0050 000.0070
00010500.000 00014000.000 00000000.000 000.0031 000.0495 000.0197 000.0050 000.0050 000.0070
00004500.000 00012000.000 00000000.000 -00.0303 000.0112 000.0058 000.0050 000.0050 000.0070
00008500.000 00011200.000 00000000.000 -00.0860 000.0719 000.1049 000.0050 000.0050 000.0070
00013500.000 00012500.000 00000000.000 000.0350 000.0231 000.0242 000.0050 000.0050 000.0070
00005100.000 00007800.000 00000000.000 -00.0310 -00.0129 000.0113 000.0050 000.0050 000.0070
00010200.000 00009000.000 00000000.000 000.0188 -00.1066 000.2105 000.0050 000.0050 000.0070
00014500.000 00009500.000 00000000.000 000.0492 -00.0092 000.0172 000.0050 000.0050 000.0070
00007100.000 00005200.000 00000000.000 -00.0119 -00.0226 000.0171 000.0050 000.0050 000.0070
00013000.000 00007800.000 00000000.000 000.0466 -00.0324 000.0333 000.0050 000.0050 000.0070
00011500.000 00004500.000 00000000.000 000.0087 -00.0280 000.0131 000.0050 000.0050 000.0070
