00007000.000 00015000.000 00000000.000 -00.0123 000.0314 000.0104 000.0050 000.0050 000.0070
00013500.000 00016000.000 00000000.000 000.0141 000.0262 000.0056 000.0050 000.0050 000.0070
00010500.000 00014000.000 00000000.000 000.0015 000.0572 000.0304 000.0050 000.0050 000.0070
00004500.000 00012000.000 00000000.000 -00.0301 000.0199 000.0255 000.0050 000.0050 000.0070
00008500.000 00011200.000 00000000.000 -00.0627 000.0311 000.0832 000.0050 000.0050 000.0070
00013500.000 00012500.000 00000000.000 000.0503 000.0389 000.0406 000.0050 000.0050 000.0070
00005100.000 00007800.000 00000000.000 -00.0355 -00.0098 000.0331 000.0050 000.0050 000.0070
00010200.000 00009000.000 00000000.000 000.0040 -00.0353 000.1081 000.0050 000.0050 000.0070
00014500.000 00009500.000 00000000.000 000.0470 -00.0008 000.0270 000.0050 000.0050 000.0070
00007100.000 00005200.000 00000000.000 -00.0232 -00.0338 000.0440 000.0050 000.0050 000.0070
00013000.000 00007800.000 00000000.000 000.0451 -00.0259 000.0518 000.0050 000.0050 000.0070
00011500.000 00004500.000 00000000.000 000.0219 -00.0375 000.0312 000.0050 000.0050 000.0070
